VERTICES
1 1 2 3 0
1 1 3 2 0
1 2 1 3 0
1 2 3 1 0
1 3 1 2 0
1 3 2 1 0
1 2 2 2 1
1 2 2 2 -1


VERTICES
1 0 0 -1
1 -1/2 1/2 -1/2
1 0 1 0
1 1/2 -1/2 1/2
1 1/2 1/2 -1/2
1 1/2 1/2 1/2
1 1 0 0
1 1/2 -1/2 -1/2
1 -1/2 1/2 1/2
1 0 0 1
1 -1/2 -1/2 1/2
1 -1/2 -1/2 -1/2
1 0 -1 0
1 -1 0 0


VERTICES
1 -1 -1 0 0
1 1 -1 0 0
1 -1 1 0 0
1 1 1 0 0
1 -3/2 0 0 0
1 3/2 0 0 0
1 0 -3/2 0 0
1 0 3/2 0 0
1 0 0 -1 -1
1 0 0 1 -1
1 0 0 -1 1
1 0 0 1 1


VERTICES
1 -1 -1 0 0
1 -1 -1 1 0
1 -1 -1 0 1
1 1 -1 0 0
1 1 -1 1 0
1 1 -1 0 1
1 -1 1 0 0
1 -1 1 1 0
1 -1 1 0 1
1 1 1 0 0
1 1 1 1 0
1 1 1 0 1


VERTICES
1 -1 -1 -1 0 0
1 1 -1 -1 0 0
1 -1 1 -1 0 0
1 1 1 -1 0 0
1 0 0 1 0 0
1 0 0 1 1 0
1 0 0 1 0 1


VERTICES
1 -1 -1 0 0
1 1 -1 0 0
1 -1 1 0 0
1 1 1 0 0
1 0 0 0 0
1 0 0 1 0
1 0 0 0 1


VERTICES_IN_FACETS
{1 3 5 8 9}
{0 2 4 6}
{0 3 4 7 9}
{1 2 5 6}
{0 1 2 7 8}
{3 4 5 6}
{7 8 9}


VERTICES_IN_FACETS
{0 1 3}
{0 2 3}
{0 2 6}
{0 4 6}
{0 4 5}
{0 1 5}
{4 5 6 7}
{2 3 6 7}
{1 3 5 7}
